[robotics.jpg]
filters=Lomo=1,50.000000,0.000000;
moddate=001fa0df6f85ce01
width=150
height=150
textactive=0
[dip.jpg]
filters=Lomo=1,50.000000,0.000000;CrossProcess=1,0.000000;
moddate=80282d057085ce01
width=102
height=48
textactive=0
[3d.jpg]
filters=Lomo=1,96.491226,0.000000;crop64=1,11851a48dbfbc0ba;
crop=rect64(11851a48dbfbc0ba)
moddate=8024989b4585ce01
width=263
height=263
textactive=0
[flash.jpg]
filters=Lomo=1,50.877197,33.333336;
moddate=80f804c06785ce01
width=116
height=116
textactive=0
